"","Momentum","Quality","Value"
"1",0.433265230888645,0.285243692327102,0.281491076784252
"2",0.410103621446543,0.241318922340317,0.34857745621314
"3",0.423876900636139,0.258008778751206,0.318114320612656
"4",0.395233676154308,0.295129824679677,0.309636499166015
"5",0.435338152756357,0.292497895492159,0.272163951751483
"6",0.444327793407287,0.214879107113475,0.340793099479238
"7",0.435799891344834,0.22998189628119,0.334218212373977
"8",0.442704568528216,0.223515564311498,0.333779867160286
"9",0.413586266654898,0.24180872170064,0.344605011644462
"10",0.390699413682967,0.270937938488011,0.338362647829023
"11",0.423021924203888,0.265031022077451,0.31194705371866
"12",0.406269121438729,0.254524126707512,0.339206751853759
"13",0.435299455278667,0.268395919314405,0.296304625406928
"14",0.39658605057079,0.24963991133316,0.353774038096051
"15",0.41965717978764,0.280718863582979,0.299623956629381
"16",0.400134161453536,0.227879419926114,0.37198641862035
"17",0.423202371146974,0.264604394281422,0.312193234571605
"18",0.444468150465095,0.277613362272227,0.277918487262678
"19",0.39810952756933,0.307818645119406,0.294071827311264
"20",0.422653982817981,0.221615914101034,0.355730103080985
"21",0.414844483607106,0.302160371278154,0.28299514511474
"22",0.438642748670523,0.253368089698249,0.307989161631228
"23",0.439919772935942,0.282463269206295,0.277616957857763
"24",0.393704089348172,0.260477313182472,0.345818597469356
"25",0.423633004551813,0.279240431294479,0.297126564153708
"26",0.434848000799092,0.264436938843528,0.300715060357381
"27",0.431664653758379,0.293050224771364,0.275285121470258
"28",0.426708796832349,0.210336850271602,0.362954352896049
"29",0.425448417012184,0.233007944527173,0.341543638460643
"30",0.421938615147578,0.298524754189706,0.279536630662717
"31",0.443559943328083,0.238074264422548,0.318365792249369
"32",0.420754924081747,0.251163631492058,0.328081444426194
"33",0.438540840718118,0.267647935755177,0.293811223526705
"34",0.394140942883836,0.284632034795998,0.321227022320166
"35",0.392882818335562,0.246873758874918,0.36024342278952
"36",0.422530081043444,0.211994796129873,0.365475122826683
"37",0.429564452748693,0.2359170493104,0.334518497940907
"38",0.402755900648329,0.257979238360526,0.339264860991144
"39",0.410953133786419,0.28508200585764,0.303964860355941
"40",0.418481224332682,0.267818801256382,0.313699974410936
"41",0.408199670891408,0.21517017442634,0.376630154682252
"42",0.426685905986045,0.236083592919434,0.337230501094521
"43",0.428734440145825,0.294841386186115,0.27642417366806
"44",0.423971311330152,0.210757683167349,0.365271005502499
"45",0.426907558114051,0.23747475411572,0.335617687770229
"46",0.385012563240081,0.297534101276991,0.317453335482928
"47",0.425103483752858,0.236880577712565,0.338015938534578
"48",0.429436341525966,0.242476165593177,0.328087492880857
"49",0.407011155298084,0.294416759454279,0.298572085247637
"50",0.410752563730712,0.277708148239313,0.311539288029975
"51",0.393248976602264,0.291874391090437,0.314876632307299
"52",0.417554050010252,0.219762585994377,0.362683363995371
"53",0.401368903104991,0.239012018478425,0.359619078416584
"54",0.38515049961009,0.258158372660597,0.356691127729313
"55",0.40061042722406,0.22523285284638,0.374156719929561
"56",0.384781480039808,0.276104532823437,0.339113987136755
"57",0.389113378067047,0.273275515587069,0.337611106345883
"58",0.413480954078693,0.287089297253479,0.299429748667828
"59",0.437135462286679,0.233147543289856,0.329716994423465
"60",0.401773028313467,0.301853604496875,0.296373367189658
"61",0.433567352745615,0.21829216961244,0.348140477641945
"62",0.42321915278524,0.211474236849466,0.365306610365294
"63",0.426348058109035,0.254327492990001,0.319324448900963
"64",0.395994996871341,0.297556629329273,0.306448373799387
"65",0.433984101526222,0.228676306749108,0.33733959172467
"66",0.39091807774136,0.276090677235655,0.332991245022985
"67",0.412408020620078,0.282676128067698,0.304915851312224
"68",0.435259909713678,0.254951308414363,0.309788781871958
"69",0.407357160745488,0.222196994525052,0.37044584472946
"70",0.408841886421248,0.225877225408468,0.365280888170284
"71",0.431273234610748,0.212602898330303,0.35612386705895
"72",0.42726857261183,0.266550142344969,0.306181285043201
"73",0.440997004785777,0.245800721912631,0.313202273301592
"74",0.417958958719352,0.243493972228346,0.338547069052303
"75",0.432421366789613,0.246677481154054,0.320901152056333
"76",0.420365150113351,0.212274829930357,0.367360019956292
"77",0.3915135223813,0.288083798365147,0.320402679253552
"78",0.418214736946209,0.257465117162948,0.324320145890843
"79",0.394420852073889,0.277653701086193,0.327925446839918
"80",0.426180968525452,0.225148317927847,0.348670713546701
"81",0.419939934083653,0.299128060348316,0.280932005568031
"82",0.404221541251254,0.234724499039686,0.36105395970906
"83",0.394811110032926,0.275579741945251,0.329609148021822
"84",0.438812308550285,0.235172720674617,0.326014970775097
"85",0.385531929390977,0.289580887314486,0.324887183294537
"86",0.445634110133767,0.215708675648971,0.338657214217262
"87",0.391396704731483,0.272565802597286,0.336037492671232
"88",0.444513597799067,0.218234420001136,0.337251982199798
"89",0.440899582711244,0.254456020020049,0.304644397268707
"90",0.421875310306697,0.267800743352224,0.310323946341079
"91",0.404110762285176,0.276875843089495,0.319013394625328
"92",0.419042523686125,0.264731138028832,0.316226338285043
"93",0.384316099238526,0.269295584782401,0.346388315979073
"94",0.383591851991595,0.301649543851316,0.31475860415709
"95",0.417551462857609,0.285697756777702,0.296750780364689
"96",0.412119083112417,0.285307437683456,0.302573479204127
"97",0.383755491546985,0.264715672834638,0.351528835618377
"98",0.435788343610038,0.221929779854088,0.342281876535874
"99",0.435669660517118,0.221502659182852,0.34282768030003
"100",0.417154304322235,0.306519625325631,0.276326070352134
"101",0.427100314158066,0.216817622832357,0.356082063009577
"102",0.416480825393876,0.283754359798401,0.299764814807723
"103",0.408691233391633,0.285073280760016,0.30623548584835
"104",0.413351130377094,0.297527598488641,0.289121271134265
"105",0.389952196940568,0.28796755549208,0.322080247567352
"106",0.428275982446599,0.236453074569569,0.335270942983833
"107",0.426053068332636,0.208269629439081,0.365677302228283
"108",0.409624432243681,0.283108238574851,0.307267329181467
"109",0.442345937964378,0.282076619459456,0.275577442576166
"110",0.444581106207824,0.210645829811242,0.344773063980934
"111",0.444386872998644,0.254828333299132,0.300784793702225
"112",0.420483027132597,0.210304689599809,0.369212283267594
"113",0.383311146787768,0.305964675838851,0.31072417737338
"114",0.445193130407412,0.222311126531244,0.332495743061343
"115",0.395752063520037,0.310687399185758,0.293560537294205
"116",0.397626731743284,0.228315560757652,0.374057707499064
"117",0.400024297642452,0.27895593867267,0.321019763684877
"118",0.387984475854786,0.282867914719973,0.32914760942524
"119",0.4455413033101,0.218107355392851,0.336351341297049
"120",0.385758054480323,0.304663011483402,0.309578934036275
"121",0.40703828787394,0.295301757423538,0.297659954702521
"122",0.409627727471293,0.28743520572625,0.302937066802457
"123",0.410605247814385,0.219319116604414,0.3700756355812
"124",0.397647692820615,0.249928911476405,0.35242339570298
"125",0.380727945665803,0.267072923836912,0.352199130497284
"126",0.429668209446266,0.264708261784892,0.305623528768843
"127",0.41594819809812,0.249084855798889,0.334966946102991
"128",0.388590389836303,0.291167854091898,0.320241756071799
"129",0.394872862527236,0.261216119382435,0.34391101809033
"130",0.409076921872498,0.220560179142717,0.370362898984785
"131",0.434946844393402,0.289473468789889,0.275579686816709
"132",0.389979248814503,0.299016266475935,0.311004484709563
"133",0.428093836568723,0.236855111137149,0.335051052294128
"134",0.42163624349341,0.305380018519221,0.272983737987369
"135",0.442195104285523,0.236692153217773,0.321112742496704
"136",0.390215014977954,0.233476836521012,0.376308148501034
"137",0.43289734925637,0.214292232769882,0.352810417973749
"138",0.412997601733335,0.250541087285396,0.336461310981269
"139",0.411889978963399,0.309266807157102,0.2788432138795
"140",0.399511977168033,0.260353792615852,0.340134230216114
"141",0.410551607280196,0.273728697481208,0.315719695238596
"142",0.439059755030192,0.209906726649538,0.35103351832027
"143",0.405852165812967,0.253755010819964,0.340392823367069
"144",0.383133724176446,0.26215396083731,0.354712314986244
"145",0.44169804447405,0.250026073827328,0.308275881698622
"146",0.439026017116928,0.22959752948481,0.331376453398261
"147",0.385068960642196,0.31076023116571,0.304170808192094
"148",0.435202278895409,0.227819315280839,0.336978405823752
"149",0.413945305941304,0.294692508519139,0.291362185539557
"150",0.388740535218008,0.242134606113602,0.36912485866839
"151",0.422135205244365,0.268695214337187,0.309169580418448
"152",0.423699497986616,0.222880496488689,0.353420005524695
"153",0.413243835476421,0.222298902555147,0.364457261968432
"154",0.426157807413204,0.276926804731357,0.296915387855439
"155",0.387627137327571,0.247663294454039,0.36470956821839
"156",0.390508181699449,0.31055192800398,0.298939890296571
"157",0.441653742047599,0.213306041414672,0.345040216537728
"158",0.379697154833995,0.278390196882855,0.341912648283149
"159",0.442152581711777,0.285312370984163,0.27253504730406
"160",0.44494510614686,0.227578600064844,0.327476293788295
"161",0.434270056872394,0.235293227997037,0.33043671513057
"162",0.400818614643485,0.274340210989789,0.324841174366726
"163",0.442237010416233,0.226978579383951,0.330784410199816
"164",0.404039560844127,0.296016545921417,0.299943893234456
"165",0.436715775984085,0.278291922821423,0.284992301194492
"166",0.425539134264623,0.248133085672597,0.32632778006278
"167",0.440237366063069,0.215390279349065,0.344372354587866
"168",0.398584733943194,0.309048693499799,0.292366572557007
"169",0.437754649982288,0.262141143952892,0.30010420606482
"170",0.433242806067802,0.290234394774106,0.276522799158092
"171",0.412363188149244,0.259354762630721,0.328282049220035
"172",0.406807792481566,0.22892312440821,0.364269083110224
"173",0.445565949631114,0.238518843792595,0.315915206576291
"174",0.408589186474985,0.270969839669906,0.320440973855108
"175",0.434338655185596,0.290471166572698,0.275190178241706
"176",0.444237603565187,0.247095268389077,0.308667128045735
"177",0.384033699617953,0.260179761579218,0.355786538802829
"178",0.382282260955295,0.264489663255105,0.3532280757896
"179",0.390535898716387,0.240143029974178,0.369321071309434
"180",0.41091792981191,0.228093713367089,0.360988356821001
"181",0.431976918857355,0.295755034524758,0.272268046617887
"182",0.414181913384662,0.264901278964485,0.320916807650853
"183",0.443284474359316,0.268757269171138,0.287958256469546
"184",0.428939649522051,0.275650315983711,0.295410034494238
"185",0.411941411124715,0.28111198093898,0.306946607936305
"186",0.40291268826333,0.251016342722697,0.346070969013973
"187",0.420344095371388,0.303898434563142,0.275757470065471
"188",0.417140459779406,0.207473301426757,0.375386238793837
"189",0.408916255867091,0.297223872776245,0.293859871356664
"190",0.438200634044944,0.225201367055282,0.336597998899774
"191",0.39463144581511,0.261579080700557,0.343789473484334
"192",0.429219355991428,0.25891679041808,0.311863853590492
"193",0.414546706473919,0.277207420744644,0.308245872781436
"194",0.428115195559686,0.212440351248478,0.359444453191835
"195",0.42792065376194,0.238729583413551,0.333349762824508
"196",0.427507509154642,0.238908027630297,0.333584463215061
"197",0.443485031382138,0.210515374407948,0.345999594209914
"198",0.401784919889929,0.282572104597606,0.315642975512465
"199",0.444122084293837,0.208238853467331,0.347639062238832
"200",0.438669233205584,0.237056047967146,0.32427471882727
"201",0.411662358429097,0.235527668962476,0.352809972608427
"202",0.417218633080571,0.244442944575971,0.338338422343458
"203",0.414962145722936,0.310379386162127,0.274658468114937
"204",0.424028803931872,0.207152025021391,0.368819171046737
"205",0.437260920284628,0.23006284815198,0.332676231563392
"206",0.418974011392643,0.288730354577423,0.292295634029934
"207",0.399557779418866,0.28647542410026,0.313966796480875
"208",0.408769145857767,0.226155738493973,0.36507511564826
"209",0.381427387845668,0.264969086053383,0.35360352610095
"210",0.397272523541227,0.247688904371908,0.355038572086865
"211",0.406495607229622,0.253111368903678,0.3403930238667
"212",0.390369171534191,0.297464628020878,0.31216620044493
"213",0.415817788034522,0.258238836664937,0.325943375300541
"214",0.429500580254855,0.235488022764716,0.335011396980428
"215",0.387027918634806,0.278175816433853,0.334796264931341
"216",0.443791310474444,0.211017342380902,0.345191347144654
"217",0.424191280022927,0.247933492029865,0.327875227947208
"218",0.419471821387233,0.258861591914225,0.321666586698542
"219",0.40809381525881,0.284565882646603,0.307340302094587
"220",0.399717165509822,0.306848651069383,0.293434183420795
"221",0.42197419768718,0.255948045998487,0.322077756314333
"222",0.387112889929032,0.274596527178103,0.338290582892865
"223",0.412933209807886,0.234117972705313,0.352948817486802
"224",0.410614742322365,0.29348684294695,0.295898414730685
"225",0.412594059965467,0.246249239326134,0.341156700708398
"226",0.411363072007205,0.231994635240234,0.356642292752561
"227",0.392863452369496,0.261163877009898,0.345972670620605
"228",0.397410236850251,0.243884468598199,0.35870529455155
"229",0.39514419563919,0.288900079546262,0.315955724814548
"230",0.402130534300856,0.223336337693383,0.374533128005761
"231",0.405482183566206,0.262504631686143,0.33201318474765
"232",0.425900449968847,0.226383417904375,0.347716132126778
"233",0.406700964715911,0.24705405375207,0.346244981532019
"234",0.426301100361682,0.301107793714869,0.272591105923448
"235",0.416435633547543,0.268979463093205,0.314584903359252
"236",0.395327297850422,0.283694331191265,0.320978370958313
"237",0.440235809389902,0.221392013602382,0.338372177007716
"238",0.414621296349758,0.212899311206058,0.372479392444184
"239",0.406389790720428,0.308326392418064,0.285283816861508
"240",0.392154922866522,0.29893840095916,0.308906676174317
"241",0.381473219990362,0.28827239959762,0.330254380412018
"242",0.433095534113519,0.252761191765424,0.314143274121057
"243",0.390170796188118,0.309106786343462,0.30072241746842
"244",0.386461746481206,0.306772289612461,0.306765963906333
"245",0.387641151859952,0.281383505259087,0.330975342880961
"246",0.397898104788553,0.234844294781455,0.367257600429992
"247",0.380207185652804,0.270545940565292,0.349246873781903
"248",0.390649465714289,0.308860520509812,0.300490013775899
"249",0.415813754838172,0.297959011257407,0.28622723390442
"250",0.417183859421989,0.279740581872723,0.303075558705288
"251",0.423320413265975,0.262249822454424,0.314429764279601
"252",0.396463130272415,0.265318635281441,0.338218234446143
"253",0.400524914546991,0.27000086455246,0.329474220900549
"254",0.428805028072483,0.297359632362095,0.273835339565422
"255",0.416200276290619,0.296555790493952,0.287243933215429
"256",0.402939838150052,0.268099040211779,0.328961121638169
"257",0.404888262146129,0.287057067689798,0.308054670164073
"258",0.430898068737977,0.211367900961953,0.357734030300069
"259",0.405964264481806,0.310368940970806,0.283666794547388
"260",0.428577253707839,0.219641116438374,0.351781629853787
"261",0.413029386028395,0.298286115240908,0.288684498730697
"262",0.423135400629307,0.217568698263368,0.359295901107326
"263",0.388361159158354,0.295029801829662,0.316609039011983
"264",0.423521498868231,0.270428077597627,0.306050423534142
"265",0.441981517840681,0.263280406496454,0.294738075662865
"266",0.403939885850034,0.228888804765362,0.367171309384604
"267",0.416634670848383,0.265050960892811,0.318314368258805
"268",0.432347378029343,0.264770954335474,0.302881667635183
"269",0.409664700117239,0.269766610267069,0.320568689615692
"270",0.391560517428148,0.273201752981347,0.335237729590505
"271",0.386422084395699,0.261049584519699,0.352528331084602
"272",0.42669995728226,0.227955262352936,0.345344780364804
"273",0.442501736343473,0.207176196648406,0.350322067008122
"274",0.44430287309512,0.278441511680782,0.277255615224098
"275",0.413625288009956,0.272357746394564,0.31401696559548
"276",0.42966096511934,0.288171357735848,0.282167677144812
"277",0.417860344047077,0.229226768759143,0.35291288719378
"278",0.399150321300521,0.308752457013224,0.292097221686255
"279",0.436444919377696,0.220371222060316,0.343183858561988
"280",0.410366570117843,0.285327549716869,0.304305880165288
"281",0.437973210953599,0.272312707489626,0.289714081556776
"282",0.388631749060833,0.290763785773915,0.320604465165252
"283",0.437456798225662,0.278559734053486,0.283983467720852
"284",0.427660655109045,0.285046599909315,0.28729274498164
"285",0.431798543944306,0.271824658498845,0.296376797556849
"286",0.414298800592076,0.222928508946866,0.362772690461058
"287",0.415249908694356,0.247227335072629,0.337522756233015
"288",0.409714458259421,0.26763560453472,0.32264993720586
"289",0.413257690852208,0.276509204797966,0.310233104349826
"290",0.438581837073614,0.253837622983582,0.307580539942804
"291",0.386903765668565,0.26104889308772,0.352047341243715
"292",0.429717304325922,0.274010650737852,0.296272044936226
"293",0.442806317453432,0.230710426738949,0.326483255807619
"294",0.380424131096127,0.243310412347805,0.376265456556067
"295",0.443199296595537,0.241541375422359,0.315259327982103
"296",0.431173061371563,0.242985032725766,0.325841905902672
"297",0.388150108558081,0.284405336819118,0.327444554622802
"298",0.388103220762431,0.295062172081652,0.316834607155917
"299",0.382012266973274,0.298466049489448,0.319521683537278
"300",0.401637010179958,0.294160648975955,0.304202340844088
"301",0.427999337486173,0.272225412823465,0.299775249690361
"302",0.397807133209017,0.269928134758661,0.332264732032321
"303",0.396849705608542,0.257551581028615,0.345598713362843
"304",0.429417891289327,0.261516692040903,0.30906541666977
"305",0.443915964332622,0.219816225326072,0.336267810341306
"306",0.425851542572916,0.282545560374525,0.291602897052559
"307",0.429123808202509,0.280543947274855,0.290332244522637
"308",0.413216017977538,0.241123940019983,0.345660042002479
"309",0.402017380577098,0.273265858796215,0.324716760626687
"310",0.406011421129306,0.223980749331641,0.370007829539053
"311",0.431900874629786,0.284887886692209,0.283211238678005
"312",0.38625434729989,0.270624918004148,0.343120734695963
"313",0.385333254006176,0.293654285163193,0.321012460830631
"314",0.418029959388123,0.30454047526306,0.277429565348817
"315",0.42852498109912,0.28833160120747,0.28314341769341
"316",0.409281728232308,0.299989999277113,0.290728272490579
"317",0.431134063580563,0.221978564514592,0.346887371904844
"318",0.392296240313204,0.242503835326826,0.36519992435997
"319",0.402381250094711,0.265647488292854,0.331971261612435
"320",0.404817893253371,0.284224028125099,0.31095807862153
"321",0.437627785970273,0.253193757732306,0.30917845629742
"322",0.438028494643806,0.269025141064362,0.292946364291833
"323",0.415016407203285,0.267208037001809,0.317775555794906
"324",0.42831692181828,0.233002863186717,0.338680214995002
"325",0.433814954996076,0.279299051046984,0.28688599395694
"326",0.380199134397218,0.291691713178978,0.328109152423804
"327",0.439723712115812,0.239624331431023,0.320651956453165
"328",0.405594204430373,0.265323578767847,0.329082216801781
"329",0.436264315424667,0.240904362524827,0.322831322050505
"330",0.398893520266535,0.308214366696905,0.292892113036561
"331",0.417291819070493,0.250663657732371,0.332044523197136
"332",0.429393658254293,0.246058407750795,0.324547933994911
"333",0.386079349700672,0.279828300788088,0.33409234951124
"334",0.414140910388285,0.265698450514865,0.32016063909685
"335",0.383144185798236,0.293728109628048,0.323127704573716
"336",0.426603665760804,0.274949852020801,0.298446482218395
"337",0.439639180104646,0.218943485858878,0.341417334036476
"338",0.382306640106168,0.297408904843355,0.320284455050477
"339",0.386141412499687,0.264155294241231,0.349703293259082
"340",0.42115507255984,0.28903156507946,0.2898133623607
"341",0.428528012926887,0.248029906216352,0.323442080856761
"342",0.421024865816912,0.300186561067401,0.278788573115687
"343",0.40652915084169,0.232025541836507,0.361445307321803
"344",0.397463676614975,0.230604334434988,0.371931988950037
"345",0.420275701758326,0.251667978186087,0.328056320055587
"346",0.433224941368888,0.263195718508607,0.303579340122505
"347",0.391539044171057,0.299799928290937,0.308661027538006
"348",0.411052043564232,0.289928482221968,0.2990194742138
"349",0.442470147764128,0.285257248421284,0.272272603814588
"350",0.395157236056872,0.237484338325293,0.367358425617835
"351",0.442987511642815,0.209242916142655,0.347769572214529
"352",0.390737323078464,0.295284202577784,0.313978474343751
"353",0.387021288202755,0.244734165664304,0.368244546132941
"354",0.430681401888114,0.2808025871351,0.288516010976786
"355",0.431148829286815,0.215623704243691,0.353227466469494
"356",0.409732591807375,0.21960411511458,0.370663293078045
"357",0.399156650990485,0.311675249194592,0.289168099814922
"358",0.426592558833625,0.253522700974143,0.319884740192231
"359",0.417544647452331,0.279701866659556,0.302753485888113
"360",0.393447986719966,0.243300686322585,0.363251326957449
"361",0.392888059296296,0.298119255519302,0.308992685184402
"362",0.413596394479345,0.207905362321092,0.378498243199562
"363",0.428984522712219,0.24826203563621,0.322753441651571
"364",0.397600741971135,0.275370100438189,0.327029157590676
"365",0.439445627741161,0.263312257232538,0.297242115026301
"366",0.386050699775706,0.236248560339467,0.377700739884827
"367",0.421714437516475,0.289702213299722,0.288583349183803
"368",0.385232460124879,0.247824852299783,0.366942687575337
"369",0.415089973052487,0.290453740085532,0.294456286861981
"370",0.395572333975262,0.308541713942662,0.295885952082076
"371",0.433097807987728,0.238961017508546,0.327941174503726
"372",0.419092035786618,0.301046699030684,0.279861265182698
"373",0.414799784361058,0.274148640084509,0.311051575554433
"374",0.425091981786224,0.262015112339375,0.312892905874401
"375",0.404117650860626,0.306482097065488,0.289400252073886
"376",0.445175240559864,0.222442893048378,0.332381866391758
"377",0.407121115060073,0.311722140293778,0.281156744646149
"378",0.435399675052182,0.264654375658174,0.299945949289643
"379",0.379868720057061,0.304456668513763,0.315674611429176
"380",0.394876129945009,0.227950791718269,0.377173078336723
"381",0.419801292686195,0.244232374844797,0.335966332469007
"382",0.405856155683874,0.30903704495982,0.285106799356307
"383",0.44343403388323,0.252586394351994,0.303979571764775
"384",0.416528707895703,0.233220884820055,0.350250407284242
"385",0.402542896975164,0.31042529350942,0.287031809515415
"386",0.391748654694351,0.250165087012653,0.358086258292996
"387",0.387761664525361,0.265782253303934,0.346456082170705
"388",0.395944876209557,0.268881382556189,0.335173741234254
"389",0.423677670394648,0.224222426155825,0.352099903449527
"390",0.421930218688499,0.297175387156867,0.280894394154633
"391",0.43403109301652,0.238747215212351,0.327221691771129
"392",0.420443328514794,0.276482719629594,0.303073951855612
"393",0.381241639632054,0.273638594034845,0.3451197663331
"394",0.409560830520186,0.2217774384467,0.368661731033115
"395",0.437746875353833,0.259573082881442,0.302680041764725
"396",0.413629875156155,0.223803120252925,0.362567004590919
"397",0.415110742720971,0.22766472555101,0.357224531728019
"398",0.411890106640003,0.259129816491001,0.328980076868995
"399",0.38489090968974,0.288712752247319,0.326396338062941
"400",0.391804380875097,0.233715731150646,0.374479887974257
"401",0.43728281466318,0.233567595641548,0.329149589695273
"402",0.40342466409175,0.294019827455616,0.302555508452633
"403",0.407821336210746,0.271167593983064,0.32101106980619
"404",0.404754561810766,0.300365905231856,0.294879532957378
"405",0.419655052053805,0.221532663577123,0.358812284369073
"406",0.418418281214298,0.237409662207013,0.344172056578689
"407",0.421281959464309,0.241512475776363,0.337205564759328
"408",0.382589464823622,0.239406409953378,0.378004125223
"409",0.44349450718502,0.253563845910118,0.302941646904862
"410",0.396077411138259,0.26518386695826,0.338738721903481
"411",0.420456081063076,0.231711795564823,0.347832123372102
"412",0.443031012403743,0.219973584424991,0.336995403171265
"413",0.384032559026631,0.294512375556311,0.321455065417059
"414",0.419153844362339,0.209398153628449,0.371448002009212
"415",0.426426441059732,0.253937846893002,0.319635712047266
"416",0.438819008426549,0.22469935557737,0.336481635996081
"417",0.436198718806265,0.219734234100384,0.344067047093351
"418",0.427522029620893,0.233991737406915,0.338486232972191
"419",0.414583813594597,0.302906857675191,0.282509328730212
"420",0.442278040091537,0.237867588889217,0.319854371019246
"421",0.423197357902349,0.261930560591717,0.314872081505935
"422",0.419355106606013,0.218632378296232,0.362012515097755
"423",0.405694577837204,0.281727024448783,0.312578397714013
"424",0.435824448863408,0.216822007375839,0.347353543760754
"425",0.437644601655962,0.266428547545493,0.295926850798545
"426",0.411413104860143,0.260818187877149,0.327768707262709
"427",0.398937343403378,0.303284523128362,0.29777813346826
"428",0.394417907379426,0.251290307146863,0.354291785473712
"429",0.406823593747906,0.277010253918568,0.316166152333526
"430",0.42595776283363,0.24060347100274,0.33343876616363
"431",0.400846236411613,0.283164248678016,0.315989514910371
"432",0.382425099155981,0.268974683632707,0.348600217211312
"433",0.432872208860992,0.28711884138683,0.280008949752179
"434",0.433875585456246,0.207228505682127,0.358895908861627
"435",0.403911490693075,0.270860495829665,0.32522801347726
"436",0.409634864992239,0.299176478945732,0.291188656062029
"437",0.41157072706252,0.299718727290467,0.288710545647014
"438",0.41049957477809,0.238831978982999,0.350668446238912
"439",0.433920261959931,0.257968529499379,0.30811120854069
"440",0.422111902294358,0.217390045048733,0.360498052656909
"441",0.404259360236136,0.297154885685608,0.298585754078257
"442",0.430917606775119,0.274052350676349,0.295030042548532
"443",0.409835242786474,0.308272258760311,0.281892498453215
"444",0.412088083457914,0.281501056250689,0.306410860291397
"445",0.391755758877816,0.24720646027691,0.361037780845273
"446",0.422384985608416,0.24457996663993,0.333035047751654
"447",0.384677039953251,0.289465145563112,0.325857814483637
"448",0.39371440674864,0.251771055416649,0.354514537834711
"449",0.428243412480888,0.27316770191928,0.298588885599832
"450",0.438573200414536,0.260039914182552,0.301386885402912
"451",0.415671319896005,0.266003308718149,0.318325371385845
"452",0.412306731382281,0.306490054459009,0.28120321415871
"453",0.408279828952371,0.303547185207444,0.288172985840186
"454",0.399988643319412,0.25260650135496,0.347404855325628
"455",0.415217406285606,0.307006178856097,0.277776414858297
"456",0.430637785943763,0.288809800356858,0.280552413699379
"457",0.414616724105851,0.279206229468659,0.30617704642549
"458",0.437260555154528,0.239741408682892,0.322998036162579
"459",0.416480060689552,0.282156735668919,0.301363203641529
"460",0.433206865472865,0.274069500578016,0.292723633949119
"461",0.39208664205544,0.287498677518847,0.320414680425713
"462",0.384874829265795,0.273483553155623,0.341641617578581
"463",0.409977361548733,0.277244611829684,0.312778026621583
"464",0.441051312068958,0.255825258203186,0.303123429727856
"465",0.427896079819099,0.238145941413591,0.33395797876731
"466",0.436491948120063,0.279312765173501,0.284195286706436
"467",0.427610162025926,0.281817277225556,0.290572560748517
"468",0.441366614525816,0.215833796222778,0.342799589251406
"469",0.386239001045871,0.296521088513897,0.317239910440232
"470",0.397017306463463,0.28831609003545,0.314666603501087
"471",0.435329329856776,0.214712315805451,0.349958354337773
"472",0.436195806372527,0.271936500103787,0.291867693523686
"473",0.444290082364803,0.208708260698646,0.347001656936551
"474",0.433744702640922,0.254385375542106,0.311869921816972
"475",0.393773000923978,0.257030027700052,0.34919697137597
"476",0.416257966968495,0.304585103692221,0.279156929339284
"477",0.379540815568822,0.294264706674804,0.326194477756373
"478",0.396837111312655,0.245131705999788,0.358031182687557
"479",0.393586600340146,0.25857452056121,0.347838879098644
"480",0.40571753498457,0.287899907782534,0.306382557232896
"481",0.391000302738746,0.256934774161304,0.35206492309995
"482",0.427692001124659,0.292146953823252,0.28016104505209
"483",0.421162981322918,0.219838201035234,0.358998817641849
"484",0.396391991013595,0.307978643405451,0.295629365580953
"485",0.381305185140965,0.242058128986936,0.376636685872099
"486",0.398262325973307,0.239618902075541,0.362118771951152
"487",0.391340890023266,0.233472766413625,0.375186343563108
"488",0.428683622312252,0.296279480009731,0.275036897678017
"489",0.390926846770292,0.246195789118414,0.362877364111294
"490",0.418148202846559,0.246044435661221,0.33580736149222
"491",0.445435082521702,0.214694351377695,0.339870566100603
"492",0.39663351865581,0.29602625739521,0.30734022394898
"493",0.432627740185003,0.292243227925931,0.275129031889066
"494",0.382735275130825,0.302393093628841,0.314871631240333
"495",0.405433638387015,0.236117341138079,0.358449020474906
"496",0.442821285717353,0.226356767671747,0.3308219466109
"497",0.38941972478249,0.303253854229364,0.307326420988146
"498",0.419022587296731,0.26332872897665,0.317648683726619
"499",0.410734291322386,0.293667655826184,0.295598052851429
"500",0.417899059541199,0.309043155528307,0.273057784930494
"501",0.428594079517129,0.257496372083573,0.313909548399298
"502",0.407618317839396,0.304808016281455,0.287573665879149
"503",0.393019395878073,0.272888191774467,0.33409241234746
"504",0.435592071773589,0.261200847287126,0.303207080939286
"505",0.383583572390734,0.288017293762543,0.328399133846723
"506",0.407374641289852,0.222459358118806,0.370166000591343
"507",0.441659833831979,0.263705077213887,0.294635088954134
"508",0.429456085580426,0.285631202688484,0.28491271173109
"509",0.412642621971042,0.229741904912084,0.357615473116875
"510",0.411682605397314,0.293380260206401,0.294937134396285
"511",0.42293498921375,0.283270128606585,0.293794882179664
"512",0.390699752057156,0.233196138856671,0.376104109086173
"513",0.442116243241507,0.211336128252506,0.346547628505986
"514",0.403561031149938,0.247263907055685,0.349175061794377
"515",0.434904974983547,0.211485567719273,0.35360945729718
"516",0.432917507990173,0.252633732937008,0.314448759072819
"517",0.399889589170541,0.236511228143463,0.363599182685996
"518",0.39113840232978,0.236231252379538,0.372630345290683
"519",0.38476666174325,0.280409441526652,0.334823896730097
"520",0.389847606348753,0.262359123788871,0.347793269862376
"521",0.437370871631401,0.25319318588611,0.309435942482489
"522",0.39001147175796,0.254684735042336,0.355303793199704
"523",0.414460076469741,0.305524216422713,0.280015707107547
"524",0.396771372283829,0.282619682599727,0.320608945116443
"525",0.410318818808796,0.244661786779014,0.345019394412191
"526",0.380078613976117,0.292303640830093,0.327617745193791
"527",0.416173779731145,0.231363243645884,0.352462976622971
"528",0.442935229740892,0.268687950135341,0.288376820123767
"529",0.431630976093567,0.268343091896449,0.300025932009984
"530",0.411106014545155,0.286563285925128,0.302330699529717
"531",0.418636892332785,0.209141150752869,0.372221956914347
"532",0.40862305021964,0.297221417954904,0.294155531825456
"533",0.416266905263084,0.308950466937264,0.274782627799652
"534",0.433973145530502,0.286161119819199,0.2798657346503
"535",0.422293978557309,0.247257333318349,0.330448688124342
"536",0.435418724917594,0.280343974086648,0.284237300995758
"537",0.420283153520379,0.255021300061873,0.324695546417749
"538",0.416480310071233,0.310190034218856,0.273329655709911
"539",0.413504554636543,0.230532923120734,0.355962522242723
"540",0.425703596683346,0.218039540706059,0.356256862610595
"541",0.429550859860628,0.24824457101321,0.322204569126161
"542",0.384453766064288,0.272318285674789,0.343227948260923
"543",0.429786186681412,0.235905270295221,0.334308543023367
"544",0.421959633111115,0.298472546861805,0.27956782002708
"545",0.388818946871271,0.2717720429879,0.339409010140829
"546",0.421109675687278,0.274697548476287,0.304192775836434
"547",0.389784739264037,0.260408061725159,0.349807199010803
"548",0.440248201751307,0.267901641138334,0.291850157110359
"549",0.412810946222212,0.255502475621363,0.331686578156425
"550",0.416595074062651,0.300134057345363,0.283270868591986
"551",0.426922301256474,0.263313175954233,0.309764522789293
"552",0.43765595937518,0.239071759067253,0.323272281557566
"553",0.404409642418273,0.286407555178552,0.309182802403175
"554",0.406490040938031,0.216391648574492,0.377118310487477
"555",0.417896262864821,0.207388147321705,0.374715589813474
"556",0.427453519497759,0.277490204384603,0.295056276117637
"557",0.398056073981598,0.235235503162547,0.366708422855855
"558",0.409628644798416,0.264192238224107,0.326179116977477
"559",0.405968550243933,0.241401867132699,0.352629582623369
"560",0.386636405447214,0.237871734249504,0.375491860303282
"561",0.401000170983249,0.282970984160333,0.316028844856418
"562",0.445237820617136,0.226185330697726,0.328576848685138
"563",0.404673102633041,0.306045041301137,0.289281856065822
"564",0.39696993403721,0.245085466623269,0.357944599339521
"565",0.399257251617725,0.265046869891157,0.335695878491118
"566",0.434762212518752,0.273377840278188,0.29185994720306
"567",0.439518852839258,0.262076713159906,0.298404434000836
"568",0.439934547028977,0.247434110205377,0.312631342765646
"569",0.425563369861597,0.230952168322765,0.343484461815638
"570",0.424542042370649,0.27424302170333,0.30121493592602
"571",0.409137348438913,0.24271618350334,0.348146468057747
"572",0.385074883940743,0.284136922655389,0.330788193403868
"573",0.428928141640071,0.210393084599688,0.360678773760241
"574",0.434092549330444,0.247492212951568,0.318415237717988
"575",0.4301656821573,0.242527807741521,0.327306510101179
"576",0.393254378057888,0.23058830881048,0.376157313131632
"577",0.431567994519352,0.295469409764572,0.272962595716075
"578",0.443053444013716,0.260719687462789,0.296226868523495
"579",0.411884609444956,0.236447412291993,0.35166797826305
"580",0.399630897789236,0.305396180817337,0.294972921393427
"581",0.430775185808295,0.234542632542646,0.334682181649058
"582",0.41450186851037,0.26127527478985,0.32422285669978
"583",0.414690670726197,0.27941396845091,0.305895360822892
"584",0.417964746701804,0.273708791587034,0.308326461711162
"585",0.395265148012179,0.281173867371496,0.323560984616325
"586",0.396122622270232,0.235688343896147,0.368189033833621
"587",0.44257081803638,0.209951795973177,0.347477385990443
"588",0.430922220591753,0.24574085145759,0.323336927950657
"589",0.407663945437599,0.240600226377186,0.351735828185215
"590",0.400892643747925,0.29472241506773,0.304384941184345
"591",0.41948012333113,0.210990856289294,0.369529020379576
"592",0.389727440606499,0.304178907364875,0.306093652028627
"593",0.412935135105368,0.252726527819672,0.33433833707496
"594",0.395125296164836,0.265267197098706,0.339607506736458
"595",0.430188695225286,0.255502364782351,0.314308939992363
"596",0.40180776163514,0.271580307931764,0.326611930433095
"597",0.43373815613852,0.288666204585433,0.277595639276047
"598",0.436544327610764,0.243637245434568,0.319818426954668
"599",0.423453103697582,0.232015311330966,0.344531584971452
"600",0.391256836290616,0.311378167822833,0.297364995886551
"601",0.38702089146544,0.261014644091164,0.351964464443396
"602",0.392016858724895,0.283444144470844,0.324538996804261
"603",0.412078079236029,0.236102928405066,0.351818992358905
"604",0.400572688720539,0.311259679633324,0.288167631646137
"605",0.43888496676216,0.27963859537441,0.28147643786343
"606",0.396566713342036,0.249505050735109,0.353928235922855
"607",0.438467827118528,0.262697918396622,0.298834254484849
"608",0.431205016229473,0.247909454984745,0.320885528785783
"609",0.44345187131687,0.276874634861694,0.279673493821436
"610",0.42635178851287,0.219091032524011,0.354557178963119
"611",0.411089699854119,0.225319787176964,0.363590512968917
"612",0.42322388182953,0.246066583024978,0.330709535145491
"613",0.432193422538327,0.251976093623637,0.315830483838037
"614",0.40052247312702,0.226247816115743,0.373229710757238
"615",0.416793320418176,0.296398164867685,0.286808514714139
"616",0.433392747214289,0.252678102982497,0.313929149803214
"617",0.430898280866428,0.282650702837686,0.286451016295885
"618",0.42560541321515,0.222948843182929,0.351445743601921
"619",0.420309867031044,0.272445676778821,0.307244456190135
"620",0.400556921332792,0.267216483488141,0.332226595179067
"621",0.397777608708804,0.241627607828327,0.360594783462869
"622",0.389966145806856,0.264043287345302,0.345990566847842
"623",0.431799065374033,0.26307846878324,0.305122465842727
"624",0.419290676294689,0.238059071757747,0.342650251947564
"625",0.402732447648523,0.239980221227443,0.357287331124034
"626",0.443114670783449,0.270248301172271,0.28663702804428
"627",0.402812573647766,0.284818058723217,0.312369367629018
"628",0.401173298638998,0.24860623232229,0.350220469038712
"629",0.437516804000733,0.273163373106205,0.289319822893062
"630",0.398608839180533,0.262545342784698,0.338845818034769
"631",0.445719479756092,0.241010781034761,0.313269739209147
"632",0.391219115029173,0.301650666113225,0.307130218857602
"633",0.419891993171655,0.258184414312113,0.321923592516232
"634",0.426094540234803,0.297212786629046,0.276692673136151
"635",0.439940261135258,0.281198405746606,0.278861333118136
"636",0.435991594007093,0.231836244506494,0.332172161486413
"637",0.408447703299879,0.284933889942359,0.306618406757762
"638",0.428943970924031,0.210653205531632,0.360402823544337
"639",0.418352163355044,0.228802163490865,0.352845673154091
"640",0.38712731743077,0.311369804457986,0.301502878111244
"641",0.435994150983657,0.259084367068844,0.304921481947499
"642",0.438718983693079,0.282000802068643,0.279280214238278
"643",0.408396970397146,0.255370803419756,0.336232226183098
"644",0.396552400850368,0.268763916121971,0.334683683027661
"645",0.441039329690877,0.22274546031538,0.336215209993743
"646",0.387501589454188,0.289555180564712,0.3229432299811
"647",0.418829612470388,0.26700824361479,0.314162143914822
"648",0.419975725780634,0.236026971195257,0.343997303024109
"649",0.394563679256138,0.25246440918077,0.352971911563092
"650",0.38942267606866,0.257879927562976,0.352697396368364
"651",0.420889985160691,0.23358576994014,0.345524244899169
"652",0.396781681354908,0.308372229725794,0.294846088919298
"653",0.383156179684472,0.28644594610769,0.330397874207838
"654",0.410971229376436,0.302619209446272,0.286409561177292
"655",0.428055623131437,0.279125696579659,0.292818680288904
"656",0.399398377476019,0.24649669775356,0.354104924770421
"657",0.410461183684869,0.302061164578297,0.287477651736834
"658",0.422070080656309,0.258415323798003,0.319514595545688
"659",0.440512461484853,0.21199993495968,0.347487603555466
"660",0.415546342852587,0.240660287882607,0.343793369264806
"661",0.437210182090867,0.283817136250828,0.278972681658305
"662",0.40023687055423,0.23951781575494,0.36024531369083
"663",0.410950935909726,0.218022374526457,0.371026689563817
"664",0.426782882335314,0.231222124416204,0.341994993248481
"665",0.382319636983864,0.264910007128846,0.35277035588729
"666",0.425535022278965,0.256316580447008,0.318148397274028
"667",0.395190342539082,0.309640252736106,0.295169404724813
"668",0.429000738076703,0.238082811052026,0.33291645087127
"669",0.43954684566644,0.259935167011895,0.300517987321666
"670",0.429906933235537,0.259467863217458,0.310625203547005
"671",0.41240943898235,0.28724381339255,0.300346747625101
"672",0.415437625379062,0.214148495224127,0.37041387939681
