"","V1","V2","V3"
"1",0.436871325908582,0.215014398583042,0.348114275508376
"2",0.731961634370595,0.0909294670547756,0.177108898574629
"3",0.208439641891219,0.442987802397554,0.348572555711227
"4",0.33907063175812,0.522005271484959,0.138924096756921
"5",0.0175163989233321,0.611659347319901,0.370824253756767
"6",0.347255314790539,0.119776832095477,0.532967853113985
"7",0.137658171303379,0.302200271871376,0.560141556825244
"8",0.266351752533182,0.281370355340296,0.452277892126521
"9",0.371739998689134,0.547412246675801,0.0808477546350643
"10",0.138266995388803,0.141622029841193,0.720110974770004
"11",0.0968117099015665,0.877978160644217,0.0252101294542163
"12",0.329626893423392,0.493356515245128,0.17701659133148
"13",0.508426935067476,0.408224111651615,0.0833489532809091
"14",0.312785011781814,0.291204176335236,0.39601081188295
"15",0.579852169137797,0.418339078427794,0.00180875243440881
"16",0.0175144331620156,0.484405232281097,0.498080334556888
"17",0.159765247498459,0.756057601077178,0.0841771514243627
"18",0.135993396230668,0.263213987861574,0.600792615907758
"19",0.182780154156757,0.714352561350035,0.102867284493209
"20",0.562848229979144,0.372074315636587,0.0650774543842686
"21",0.334293650885198,0.355238494271292,0.31046785484351
"22",0.2074040178611,0.193611959814858,0.598984022324043
"23",0.340862761380784,0.0817021559644914,0.577435082654724
"24",0.572376209449227,0.273054583464947,0.154569207085825
"25",0.0630807323353881,0.660254963946421,0.276664303718191
"26",0.758579058885853,0.0760194128152705,0.165401528298877
"27",0.79366136799464,0.138192262654236,0.0681463693511241
"28",0.0718999004954828,0.756144235834932,0.171955863669585
"29",0.0981238680698849,0.149877345706575,0.75199878622354
"30",0.409410929810866,0.52304330000242,0.0675457701867145
"31",0.748058776803901,0.249600466864472,0.00234075633162689
"32",0.481285421817085,0.290072829791491,0.228641748391424
"33",0.578739581354551,0.339617476470648,0.0816429421748004
"34",0.0133275188198521,0.957584634158947,0.0290878470212009
"35",0.0724999962257086,0.896309866983288,0.0311901367910039
"36",0.150744807827639,0.490586097598226,0.358669094574135
"37",0.658708952125473,0.0617008057577818,0.279590242116746
"38",0.449138033893535,0.290372229303887,0.260489736802578
"39",0.479741060716162,0.486776221094349,0.033482718189489
"40",0.134007004498821,0.199335081846245,0.666657913654934
"41",0.097755910986295,0.573488418119705,0.328755670894
"42",0.414221607193852,0.539259201602939,0.046519191203209
"43",0.649517107011448,0.326101434248917,0.0243814587396352
"44",0.208599123903587,0.584738241714484,0.206662634381929
"45",0.30210473769691,0.212545398748536,0.485349863554554
"46",0.291454301969522,0.370084947964417,0.338460750066061
"47",0.634215914266421,0.301844610264228,0.0639394754693513
"48",0.0115166443651358,0.155705340190673,0.832778015444191
"49",0.302365990055565,0.546564565289851,0.151069444654584
"50",0.0941069622329438,0.202991030469031,0.702902007298025
"51",0.262930609815187,0.319668872429768,0.417400517755045
"52",0.123268047671863,0.662742786742114,0.213989165586023
"53",0.699473927806669,0.186713967919363,0.113812104273967
"54",0.293585389216172,0.669496251289268,0.0369183594945595
"55",0.418969189709706,0.10909979970471,0.471931010585584
"56",0.44888324844226,0.370654132399471,0.180462619158269
"57",0.364924141511247,0.232356229259425,0.402719629229329
"58",0.20451319316244,0.0534733024014883,0.742013504436072
"59",0.358568884426066,0.283868580704316,0.357562534869618
"60",0.357860365321484,0.164750006326775,0.477389628351741
"61",0.119833217786631,0.819914187069265,0.0602525951441037
"62",0.302563765639349,0.0726860558191165,0.624750178541534
"63",0.182038437879231,0.725071738147079,0.0928898239736896
"64",0.151843307430772,0.725094446221117,0.12306224634811
"65",0.0127675892262723,0.249895728323162,0.737336682450565
"66",0.217175639057026,0.508353798248495,0.274470562694479
"67",0.14997667525849,0.606990516537905,0.243032808203605
"68",0.667284320715343,0.0353975078150687,0.297318171469588
"69",0.429820393628494,0.317805848951608,0.252373757419898
"70",0.440296258906444,0.324096170611902,0.235607570481654
"71",0.513086814992099,0.0124153268896183,0.474497858118283
"72",0.161536061917116,0.48643870931977,0.352025228763114
"73",0.145391242485381,0.44002515167516,0.414583605839459
"74",0.149140090042379,0.743050419800505,0.107809490157116
"75",0.115648448125191,0.697817061909365,0.186534489965444
"76",0.512434735477313,0.153108239447728,0.33445702507496
"77",0.176590435208543,0.503310197750966,0.320099367040491
"78",0.763710267943222,0.0371130396307586,0.199176692426019
"79",0.0828771482423742,0.0832286555575166,0.833894196200109
"80",0.538257979470713,0.211708922911732,0.250033097617554
"81",0.579830220398371,0.366766890629431,0.0534028889721987
"82",0.14182252779547,0.639272690196843,0.218904782007687
"83",0.522735197134628,0.296997351128277,0.180267451737095
"84",0.146570005664198,0.735052184995721,0.11837780934008
"85",0.415845815323424,0.387362126625481,0.196792058051095
"86",0.0389814446149112,0.044176463064345,0.916842092320744
"87",0.456861782706013,0.465968673178277,0.0771695441157099
"88",0.637323766675067,0.147871303916091,0.214804929408841
"89",0.239924918915626,0.391500623447087,0.368574457637287
"90",0.626288693642442,0.102202152225396,0.271509154132162
"91",0.571687593861383,0.0209415266398178,0.407370879498799
"92",0.171833493293372,0.112695753321868,0.71547075338476
"93",0.946892061413715,0.00966642739024945,0.0434415111960357
"94",0.532523534936161,0.0853731016288136,0.382103363435025
"95",0.195654174135683,0.339810655409509,0.464535170454808
"96",0.841213285016595,0.108553761470925,0.0502329535124801
"97",0.737656887032781,0.0856037479537929,0.176739365013426
"98",0.20874962345881,0.170011534628132,0.621238841913058
"99",0.149746829360002,0.478404132017582,0.371849038622416
"100",0.140018749720631,0.47964347075748,0.380337779521888
"101",0.101562921249447,0.385641718822846,0.512795359927707
"102",0.596487163976169,0.188203929982141,0.21530890604169
"103",0.305190861933312,0.183875475087858,0.51093366297883
"104",0.829080732797545,0.0128690428656798,0.158050224336776
"105",0.337305313438657,0.526648601577158,0.136046084984185
"106",0.361302843652572,0.310441767126466,0.328255389220962
"107",0.0768123751676334,0.697674276412987,0.22551334841938
"108",0.498014115083406,0.259206627900012,0.242779257016582
"109",0.495991033711784,0.387776951901547,0.116232014386669
"110",0.162395643600402,0.671773536140234,0.165830820259364
"111",0.227470490362118,0.637625750628735,0.134903759009147
"112",0.241622733229404,0.639187359917826,0.11918990685277
"113",0.375185890945513,0.319109431811379,0.305704677243108
"114",0.0708827689104523,0.313797341850499,0.615319889239049
"115",0.564517898949872,0.0393055489831813,0.396176552066947
"116",0.563914353729739,0.280948298694312,0.155137347575949
"117",0.148964728903527,0.288522543175667,0.562512727920806
"118",0.320922792932875,0.163035425251024,0.5160417818161
"119",0.00267380472696621,0.655684782366795,0.341641412906239
"120",0.54864767074074,0.146386212622533,0.304966116636727
"121",0.162880235365771,0.588196600300341,0.248923164333888
"122",0.334292993006202,0.130618022301074,0.535088984692724
"123",0.297321057080628,0.2846144687726,0.418064474146772
"124",0.7768376725822,0.0594607009620877,0.163701626455712
"125",0.539489225586313,0.332799368645106,0.127711405768582
"126",0.121067845408404,0.804703900355118,0.074228254236478
"127",0.239844830106765,0.133785601424678,0.626369568468557
"128",0.767032483904164,0.225625169815135,0.00734234628070085
"129",0.425543927193831,0.53823115730131,0.0362249155048584
"130",0.198723963189136,0.467644315404937,0.333631721405927
"131",0.147516473632335,0.595715423034592,0.256768103333073
"132",0.415430602811389,0.374171566180479,0.210397831008133
"133",0.0288726542241071,0.376605204654684,0.594522141121209
"134",0.139665235754845,0.369115453303659,0.491219310941496
"135",0.202074194432181,0.469373223489809,0.32855258207801
"136",0.0911826891496431,0.139912186062043,0.768905124788314
"137",0.156978112399425,0.117716278620046,0.725305608980529
"138",0.152180099683059,0.743361033819098,0.104458866497843
"139",0.282684406831507,0.610570627746881,0.106744965421612
"140",0.117563080583449,0.221553671784517,0.660883247632034
"141",0.406979097765914,0.236001783729335,0.357019118504751
"142",0.180715730202445,0.400958711337585,0.418325558459971
"143",0.153289810870871,0.728274543386365,0.118435645742765
"144",0.131893345576822,0.321833047271797,0.546273607151381
"145",0.404103773959502,0.0188229800566201,0.577073245983878
"146",0.231521832465572,0.466813925309902,0.301664242224526
"147",0.527402872392184,0.151247745019997,0.321349382587819
"148",0.0076891582007711,0.914857420600322,0.0774534211989069
"149",0.0816144916582866,0.614972593256507,0.303412915085206
"150",0.403631380770275,0.101421298958322,0.494947320271403
"151",0.0469626812441074,0.330635919153618,0.622401399602275
"152",0.263262550711662,0.428322259576044,0.308415189712294
"153",0.25337018053051,0.594441667777554,0.152188151691935
"154",0.79936277212789,0.0980153001277318,0.102621927744378
"155",0.15758369319687,0.303230535572761,0.53918577123037
"156",0.208376878436199,0.708348748209556,0.0832743733542447
"157",0.258930942829703,0.182632277521179,0.558436779649118
"158",0.427718718518333,0.431311401438908,0.140969880042759
"159",0.429323414485218,0.465906180516031,0.104770404998751
"160",0.733566568627227,0.247969721289811,0.0184637100829618
"161",0.629861466160258,0.201235628875292,0.16890290496445
"162",0.152647737381473,0.444171072053847,0.40318119056468
"163",0.570742043705134,0.206971429233452,0.222286527061414
"164",0.256891234653075,0.276899001405827,0.466209763941098
"165",0.0621132263914475,0.647977436766244,0.289909336842308
"166",0.26920707473723,0.382582045831149,0.348210879431621
"167",0.399615060705068,0.381817571220548,0.218567368074384
"168",0.374877120712974,0.464341120822186,0.160781758464841
"169",0.46787003378817,0.261961592504412,0.270168373707418
"170",0.266569749548143,0.47317698372709,0.260253266724767
"171",0.681398888666448,0.223313048855065,0.0952880624784865
"172",0.359194608135103,0.59504615464531,0.0457592372195866
"173",0.334672063879031,0.295724133876854,0.369603802244115
"174",0.253981321614037,0.119443216755155,0.626575461630808
"175",0.490536700848866,0.0629801609595243,0.44648313819161
"176",0.522169943403702,0.166857433292797,0.310972623303501
"177",0.20222288987448,0.166308660362175,0.631468449763345
"178",0.00687794764836447,0.7858110347818,0.207311017569835
"179",0.870260444928189,0.0395718058102876,0.0901677492615239
"180",0.635321734184418,0.0982526970602469,0.266425568755336
"181",0.386675815278045,0.481759058615758,0.131565126106197
"182",0.254698879332061,0.574538587364961,0.170762533302977
"183",0.153088875165085,0.138573824096406,0.708337300738508
"184",0.466927136011768,0.471661692633119,0.0614111713551131
"185",0.429583529378479,0.324760776150019,0.245655694471502
"186",0.176711438564291,0.181333732865413,0.641954828570296
"187",0.534217184954214,0.394813375377203,0.070969439668583
"188",0.564649145440103,0.122585724340444,0.312765130219453
"189",0.633425966657777,0.286675530221173,0.0798985031210504
"190",0.378520290768705,0.0047927640052386,0.616686945226057
"191",0.341622852442199,0.269494305220845,0.388882842336956
"192",0.519022022984188,0.284550195383686,0.196427781632126
"193",0.0451416118963492,0.182874974146053,0.771983413957598
"194",0.250190119607311,0.00321129955875817,0.746598580833931
"195",0.0294934015738423,0.708540882183151,0.261965716243007
"196",0.409525477108125,0.222111185576688,0.368363337315187
"197",0.234516896684216,0.12055330446497,0.644929798850814
"198",0.551594024187448,0.400976671733337,0.0474293040792146
"199",0.0687022352727212,0.844174786314696,0.0871229784125832
"200",0.390597566242485,0.401578029885109,0.207824403872406
"201",0.315746925228256,0.3527672901317,0.331485784640045
"202",0.254226809762638,0.527746772434333,0.218026417803028
"203",0.114857014521245,0.507182650715993,0.377960334762762
"204",0.142757577384457,0.127178262952843,0.7300641596627
"205",0.667931237656851,0.0687757093628749,0.263293052980274
"206",0.837223742461185,0.0818804942386979,0.0808957633001175
"207",0.524967197294852,0.296318021427246,0.178714781277903
"208",0.703934037070568,0.0304647095501517,0.26560125337928
"209",0.315168425320144,0.104634282582577,0.580197292097279
"210",0.205391384528914,0.442251708704693,0.352356906766393
"211",0.360047247527505,0.118073793325786,0.521878959146708
"212",0.790692849397246,0.142758454826942,0.0665486957758118
"213",0.0857879966494741,0.723907721352473,0.190304281998053
"214",0.179435308797253,0.752155194996886,0.0684094962058613
"215",0.355527936156099,0.189967486184831,0.454504577659071
"216",0.186991480915982,0.119093289165344,0.693915229918674
"217",0.539813220137454,0.025476305659648,0.434710474202898
"218",0.150764763246605,0.0811852687475673,0.768049968005827
"219",0.210267902998074,0.0707321467796464,0.718999950222279
"220",0.357776401947276,0.47693487995509,0.165288718097634
"221",0.678032740081941,0.195375148915334,0.126592111002725
"222",0.00620148958218658,0.0394222849124412,0.954376225505372
"223",0.140974254349972,0.715841901490683,0.143183844159345
"224",0.938802935770236,0.0455529780737206,0.0156440861560433
"225",0.702337089857762,0.0393357769601392,0.258327133182099
"226",0.583547696540908,0.188119974440879,0.228332329018214
"227",0.432201547176445,0.511324399887872,0.0564740529356834
"228",0.497335560154703,0.15146708340849,0.351197356436807
"229",0.218335228843269,0.756271548901595,0.0253932222551357
"230",0.373907052443552,0.531569512402539,0.0945234351539096
"231",0.151683036486551,0.58396440108017,0.264352562433279
"232",0.20222050240534,0.278100854452844,0.519678643141816
"233",0.922970285201234,0.0344876401785814,0.0425420746201849
"234",0.0171106293796732,0.599286220554923,0.383603150065404
"235",0.346011130214017,0.638626862298829,0.0153620074871538
"236",0.276043428454182,0.285705795071695,0.438250776474124
"237",0.560029285911757,0.22242970348704,0.217541010601203
"238",0.608501153787364,0.108208386058941,0.283290460153695
"239",0.265172002378406,0.196149928593814,0.53867806902778
"240",0.5190531792248,0.161913452608208,0.319033368166992
"241",0.342374012201277,0.285750092935238,0.371875894863485
"242",0.121585849401302,0.0613843425554789,0.817029808043219
"243",0.302713607181092,0.682588897475054,0.014697495343854
"244",0.207206502030123,0.716720578839816,0.0760729191300606
"245",0.722049900380273,0.0750503115827132,0.202899788037014
"246",0.0100038854347946,0.88491474853431,0.105081366030895
"247",0.270401820480741,0.57893363786956,0.150664541649699
"248",0.360609401916626,0.107543179179447,0.531847418903927
"249",0.0229291382974813,0.62571730856825,0.351353553134268
"250",0.267107703758828,0.00458295359068959,0.728309342650482
"251",0.0937306295966698,0.160203385100494,0.746065985302837
"252",0.418359661126383,0.311161521488128,0.270478817385488
"253",0.0101601358541155,0.686119067900598,0.303720796245286
"254",0.407748622906216,0.0498810435547196,0.542370333539064
"255",0.0254519413549303,0.22806698491272,0.74648107373235
"256",0.723598442765745,0.00904898906097222,0.267352568173283
"257",0.600063848236125,0.110279146950479,0.289657004813396
"258",0.00146568596835783,0.657179112984533,0.341355201047109
"259",0.286724591076723,0.534029800279935,0.179245608643342
"260",0.159853725666166,0.581344689412516,0.258801584921318
"261",0.404387767878309,0.480649856683996,0.114962375437695
"262",0.192288304955273,0.304809542457642,0.502902152587086
"263",0.190777444064441,0.355570178960966,0.453652376974593
"264",0.365336637297952,0.242779962712065,0.391883399989983
"265",0.189889073697052,0.142436455200542,0.667674471102406
"266",0.485993759980492,0.448949527400268,0.0650567126192407
"267",0.138072772572861,0.0284514948284544,0.833475732598684
"268",0.0773482228624941,0.432551501204496,0.49010027593301
"269",0.483811170852615,0.434725934762375,0.08146289438501
"270",0.0034632125351487,0.32061354968444,0.675923237780411
"271",0.360814800454363,0.535196009625384,0.103989189920254
"272",0.553551150531312,0.416989146590892,0.0294597028777959
"273",0.878716460835941,0.0171945588170813,0.104088980346978
"274",0.0586518336739762,0.913123743857172,0.0282244224688518
"275",0.000447026602373057,0.685589519720179,0.313963453677448
"276",0.214636239238101,0.197620797920219,0.58774296284168
"277",0.568904377952011,0.110261129487937,0.320834492560052
"278",0.531217974276622,0.140503537360197,0.32827848836318
"279",0.114304185601839,0.0894847696242312,0.79621104477393
"280",0.252306966611454,0.490599973687608,0.257093059700938
"281",0.37053000944654,0.279868586918146,0.349601403635314
"282",0.230610141878736,0.495573225074472,0.273816633046792
"283",0.215146270716099,0.24552602508488,0.539327704199021
"284",0.411957489311839,0.381094929348637,0.206947581339524
"285",0.338188122177588,0.521992914939547,0.139818962882865
"286",0.00766945235915961,0.961365360746598,0.0309651868942423
"287",0.186892290123943,0.135247759165921,0.677859950710136
"288",0.392429040072681,0.417980487228527,0.189590472698792
"289",0.619719964889408,0.344006658954498,0.0362733761560946
"290",0.0828540403315156,0.231322400541291,0.685823559127193
"291",0.590520568533429,0.337001738692222,0.0724776927743489
"292",0.0456522525400358,0.111623717367011,0.842724030092954
"293",0.492190786289798,0.275225976366512,0.23258323734369
"294",0.236391304573446,0.741974530419282,0.0216341650072723
"295",0.876141715375703,0.0539928081367835,0.0698654764875135
"296",0.0548794150339638,0.0340480923386611,0.911072492627375
"297",0.027450210080817,0.52401053373304,0.448539256186143
"298",0.206852986232011,0.121011654208697,0.672135359559292
"299",0.683123355423946,0.14922706988072,0.167649574695334
"300",0.0871357462712865,0.135876618191289,0.776987635537425
"301",0.336410118264022,0.423798459559908,0.23979142217607
"302",0.202223795483187,0.104722009443269,0.693054195073545
"303",0.80750845880968,0.102404193135728,0.0900873480545923
"304",0.610546118804916,0.377467117795587,0.0119867633994974
"305",0.703364785936711,0.084549922675519,0.212085291387769
"306",0.285150432056641,0.180712420825815,0.534137147117544
"307",0.126723196690802,0.735367370288096,0.137909433021102
"308",0.21421319463942,0.507223394764615,0.278563410595965
"309",0.0308380985808093,0.928017576957047,0.0411443244621438
"310",0.0603334157357311,0.447628519659798,0.49203806460447
"311",0.0320982944669154,0.544907836840575,0.42299386869251
"312",0.517124603247685,0.140746875996557,0.342128520755758
"313",0.145845599318298,0.712250994968722,0.14190340571298
"314",0.445752732641509,0.350706558911849,0.203540708446642
"315",0.112125646907697,0.199741587049947,0.688132766042356
"316",0.338356567949947,0.647692200792122,0.0139512312579309
"317",0.195935020376703,0.123801458714642,0.680263520908655
"318",0.616591260708846,0.36612200039597,0.0172867388951845
"319",0.405204619551053,0.086965643114606,0.507829737334341
"320",0.22071793293621,0.36996527705832,0.40931679000547
"321",0.0019552056825084,0.398336715448351,0.599708078869141
"322",0.119570441026653,0.310723826685918,0.569705732287428
"323",0.742306431925417,0.015984762964877,0.241708805109706
"324",0.216773827367509,0.358202324343302,0.425023848289189
"325",0.573127006224188,0.159571546380939,0.267301447394873
"326",0.401267847537329,0.490680728388141,0.10805142407453
"327",0.0699352643573424,0.917481292931073,0.0125834427115848
"328",0.00109516273997778,0.709098183198831,0.289806654061191
"329",0.751457846333469,0.206292430758393,0.0422497229081381
"330",0.0317435168543948,0.341190156933665,0.62706632621194
"331",0.517343359127987,0.0680171887026098,0.414639452169403
"332",0.112558809491319,0.421450345214339,0.465990845294343
"333",0.142230467415432,0.757046418891518,0.10072311369305
"334",0.480379744585424,0.452894420994162,0.0667258344204135
"335",0.508567086893487,0.465607074972921,0.0258258381335924
"336",0.162731659464396,0.731314890726501,0.105953449809103
"337",0.381038347925188,0.424070850168051,0.194890801906761
"338",0.340352273139098,0.555341259444283,0.104306467416618
"339",0.0796412971823837,0.127534360621801,0.792824342195815
"340",0.689259083284115,0.0760268190479008,0.234714097667984
"341",0.604979953895876,0.0902383815303372,0.304781664573787
"342",0.629430873803223,0.00116221811348837,0.369406908083289
"343",0.114727363689886,0.397336306736209,0.487936329573905
"344",0.31774478165612,0.326714449059764,0.355540769284116
"345",0.121349118694787,0.58417730979116,0.294473571514054
"346",0.439705875978163,0.381697556487204,0.178596567534634
"347",0.688576405255663,0.233305049694735,0.0781185450496021
"348",0.425522407252965,0.245614086424369,0.328863506322666
"349",0.0605494366401178,0.860641076089436,0.0788094872704462
"350",0.724514238324442,0.246797699770156,0.028688061905403
"351",0.227410806664673,0.633591063093776,0.138998130241551
"352",0.341861837540842,0.39067823502123,0.267459927437928
"353",0.579036252216478,0.147806634832814,0.273157112950708
"354",0.762115468238699,0.0209947625094679,0.216889769251833
"355",0.268769289017936,0.436654539805219,0.294576171176846
"356",0.327053161765636,0.364585165388599,0.308361672845765
"357",0.112987034486813,0.463563139455746,0.423449826057441
"358",0.491603932164542,0.00949264018292261,0.498903427652535
"359",0.813213331288171,0.184556435735815,0.00223023297601377
"360",0.101785549609489,0.168475805192228,0.729738645198284
"361",0.876498103378418,0.006579689958397,0.116922206663185
"362",0.0984352421076056,0.581708013866854,0.319856744025541
"363",0.483314284623841,0.280885315767966,0.235800399608194
"364",0.634435117296427,0.0887210390296445,0.276843843673928
"365",0.471493498430879,0.378081086303839,0.150425415265282
"366",0.264806771606642,0.720529347330376,0.0146638810629824
"367",0.303334540185425,0.343625428226902,0.353040031587673
"368",0.328665891974708,0.135119589788023,0.536214518237269
"369",0.271941016345536,0.280274942587214,0.44778404106725
"370",0.403262942421873,0.403023774410833,0.193713283167294
"371",0.700763047855377,0.129020069679823,0.1702168824648
"372",0.226932659517654,0.0574826078475658,0.715584732634781
"373",0.196889404675837,0.0904234781448226,0.71268711717934
"374",0.0878959115771761,0.277028132142087,0.635075956280736
"375",0.43540747055683,0.108409789785769,0.456182739657401
"376",0.362310211678754,0.610466148005828,0.0272236403154184
"377",0.253544754423748,0.348962148489367,0.397493097086885
"378",0.0775673551827522,0.176736489999719,0.745696154817529
"379",0.856772794700816,0.0110832389373095,0.132143966361874
"380",0.2361720615347,0.375269459074603,0.388558479390697
"381",0.000397012099479621,0.269387633810804,0.730215354089716
"382",0.288047512428172,0.379025350469323,0.332927137102506
"383",0.0626525906229493,0.577448564145979,0.359898845231072
"384",0.086577273328677,0.170693603372355,0.742729123298968
"385",0.29060277827919,0.577030618670474,0.132366603050336
"386",0.421624244681069,0.141974871198526,0.436400884120405
"387",0.442361169648842,0.234321835488163,0.323316994862995
"388",0.227637928744078,0.542086124778971,0.230275946476951
"389",0.580453628884912,0.0587904020298236,0.360755969085264
"390",0.138481800406169,0.341133029218849,0.520385170374981
"391",0.0875619352521386,0.87625748303259,0.0361805817152708
"392",0.0388347600728173,0.123482089037506,0.837683150889676
"393",0.149853972173902,0.601393105075548,0.24875292275055
"394",0.343287951167284,0.531421797554511,0.125290251278205
"395",0.16388105543967,0.119268439156543,0.716850505403787
"396",0.0791859552930261,0.80646091921005,0.114353125496924
"397",0.260170928805882,0.47302742331581,0.266801647878308
"398",0.0688791805456691,0.126076490361277,0.805044329093053
"399",0.144559909971863,0.611704722201694,0.243735367826444
"400",0.0422273545609001,0.149390811003045,0.808381834436055
"401",0.631422447060784,0.169348195246283,0.199229357692933
"402",0.170948523342584,0.560332178088671,0.268719298568745
"403",0.195438154665829,0.525199652868928,0.279362192465243
"404",0.082742187039859,0.711605895114989,0.205651917845152
"405",0.459190216086001,0.375512006426887,0.165297777487112
"406",0.538078632271367,0.359705330295418,0.102216037433215
"407",0.676268618931625,0.227455464652986,0.096275916415389
"408",0.490387857228783,0.00866224207825307,0.500949900692964
"409",0.385484429602385,0.0423879690044451,0.572127601393169
"410",0.164801672611796,0.47281925692286,0.362379070465345
"411",0.207693909776234,0.555822525641133,0.236483564582633
"412",0.420532256295764,0.46964821511444,0.109819528589797
"413",0.531928583912527,0.0795596287669745,0.388511787320498
"414",0.690787953261607,0.00192941485455642,0.307282631883836
"415",0.720262627246508,0.117032041927447,0.162705330826045
"416",0.382161698217475,0.574878960453245,0.0429593413292796
"417",0.221247620952166,0.351946792567945,0.426805586479889
"418",0.633616326380486,0.286701668904133,0.079682004715381
"419",0.283579879567938,0.116079925106808,0.600340195325254
"420",0.044572107805772,0.285857875642525,0.669570016551703
"421",0.113045242681815,0.839533748576778,0.0474210087414071
"422",0.301407917199229,0.307569051648125,0.391023031152646
"423",0.748365275813547,0.0207922872084013,0.230842436978052
"424",0.763812264948325,0.114601933513759,0.121585801537916
"425",0.161540526999194,0.7112176253064,0.127241847694406
"426",0.0283695185482953,0.953304434329302,0.0183260471224029
"427",0.250863649816792,0.543123511562408,0.2060128386208
"428",0.162346984746426,0.675034797591944,0.16261821766163
"429",0.0752730922164228,0.0558330817050328,0.868893826078544
"430",0.0249548330666588,0.156923799219611,0.81812136771373
"431",0.209971206216625,0.26976015329258,0.520268640490795
"432",0.0883086801892482,0.112183366048183,0.799507953762569
"433",0.117317940555545,0.0455263886813005,0.837155670763154
"434",0.550783818449231,0.398291243631883,0.0509249379188859
"435",0.487066913518968,0.304495251969418,0.208437834511615
"436",0.307578399161514,0.298645262641835,0.393776338196651
"437",0.00253286958379451,0.0681684174369144,0.929298712979291
"438",0.549282246011022,0.436676969772172,0.0140407842168061
"439",0.61316630026045,0.0837712259829369,0.303062473756613
"440",0.468883509486225,0.0309594287452035,0.500157061768571
"441",0.261344819400031,0.699315268888479,0.0393399117114893
"442",0.354227305783246,0.104180909595558,0.541591784621197
"443",0.601889605485021,0.387004700432321,0.0111056940826582
"444",0.0426585632007865,0.0277544389754797,0.929586997823734
"445",0.82591095626709,0.0937132666687165,0.0803757770641939
"446",0.759155484183665,0.10785629716694,0.132988218649395
"447",0.116724627234488,0.818893215156285,0.0643821576092274
"448",0.246802353424093,0.744048234321736,0.00914941225417132
"449",0.162308611304218,0.527830144616456,0.309861244079326
"450",0.35775690112757,0.586283969813483,0.0559591290589473
"451",0.197317538553637,0.667071787009147,0.135610674437216
"452",0.609975950148443,0.297624751149696,0.0923992987018615
"453",0.637733172585169,0.274318548193856,0.0879482792209743
"454",0.0118555632024607,0.159424752814512,0.828719683983027
"455",0.468687798086677,0.514150670539705,0.0171615313736181
"456",0.54091414498025,0.349312898929765,0.109772956089985
"457",0.345763154079109,0.0396130160508676,0.614623829870024
"458",0.25602780236952,0.703862311917359,0.0401098857131214
"459",0.26642363144084,0.639065246431803,0.0945111221273572
"460",0.566521001440896,0.279872891409936,0.153606107149167
"461",0.698948808292264,0.269259418577083,0.0317917731306531
"462",0.578097755210284,0.2266623263228,0.195239918466916
"463",0.510944788397918,0.420177761546431,0.0688774500556505
"464",0.116460581731005,0.310668717479041,0.572870700789954
"465",0.300733217964761,0.383073677731683,0.316193104303555
"466",0.176964526149053,0.422065128553508,0.400970345297439
"467",0.719742439384101,0.265002015327456,0.0152555452884424
"468",0.333239528411394,0.420588736612329,0.246171734976277
"469",0.0790084059736914,0.846326243611546,0.0746653504147631
"470",0.205592902806521,0.0489530799705098,0.745454017222969
"471",0.815957134274788,0.134191327340874,0.0498515383843376
"472",0.173443560225884,0.266452180944567,0.560104258829549
"473",0.682486171254457,0.034877566916687,0.282636261828856
"474",0.115802913481572,0.491052002479661,0.393145084038767
"475",0.0322546626185526,0.146870634361822,0.820874703019625
"476",0.368423948716477,0.59843563332323,0.0331404179602934
"477",0.138098410528721,0.483637270045673,0.378264319425606
"478",0.33790616195054,0.580464323275486,0.0816295147739738
"479",0.678168881615958,0.280933261807776,0.0408978565762668
"480",0.191175472008352,0.41084819455232,0.397976333439328
"481",0.452961325658033,0.364078908771344,0.182959765570623
"482",0.121835980033977,0.45816048797627,0.420003531989753
"483",0.0339874727882665,0.894700119856777,0.0713124073549563
"484",0.0697209152755095,0.5249981134012,0.405280971323291
"485",0.0617836018763547,0.210628416637689,0.727587981485956
"486",0.134530345251896,0.14551837001554,0.719951284732565
"487",0.329532280376604,0.624323905143977,0.046143814479419
"488",0.0576480992845928,0.18662389978436,0.755728000931047
"489",0.245478142986694,0.650852334592322,0.103669522420984
"490",0.23841314372574,0.58231937033069,0.17926748594357
"491",0.234418296852194,0.0959201027920242,0.669661600355782
"492",0.116565763191867,0.372737319195751,0.510696917612382
"493",0.0498658543707693,0.410879375033107,0.539254770596124
"494",0.0972131217675647,0.369857597817437,0.532929280414999
"495",0.0150685792569178,0.0284758209262785,0.956455599816804
"496",0.157623813683072,0.129428055695757,0.712948130621171
"497",0.0280858029313543,0.229489356222188,0.742424840846458
"498",0.364694880534797,0.347696599978708,0.287608519486495
"499",0.162924350093057,0.283010163183214,0.554065486723729
"500",0.281932282439285,0.27399712251759,0.444070595043125
"501",0.116140133706434,0.8436139986988,0.0402458675947653
"502",0.245955125120602,0.740741506065316,0.0133033688140817
"503",0.168312368135706,0.344904396136711,0.486783235727583
"504",0.120483924579976,0.187473973975641,0.692042101444383
"505",0.511656109059565,0.451760214945429,0.0365836759950062
"506",0.479048616009214,0.262874210821063,0.258077173169723
"507",0.406141112102411,0.522043870665288,0.0718150172323009
"508",0.143175057020221,0.182493184890048,0.674331758089731
"509",0.0521251501616956,0.502079340810315,0.44579550902799
"510",0.513260317490228,0.125420835815405,0.361318846694367
"511",0.363959630856937,0.292944004634841,0.343096364508222
"512",0.343579943372959,0.148296530689275,0.508123525937767
"513",0.243902548868803,0.04118860785151,0.714908843279687
"514",0.077229821675318,0.0829308175682806,0.839839360756401
"515",0.0540751562953005,0.81946823125764,0.12645661244706
"516",0.0401050001138498,0.89436384887281,0.0655311510133401
"517",0.572762104385556,0.0164836462118374,0.410754249402606
"518",0.253839166739857,0.669001650034133,0.0771591832260098
"519",0.0451069788894278,0.0332308463172961,0.921662174793276
"520",0.578108254186645,0.345919118168273,0.0759726276450823
"521",0.0548756451443958,0.032590634167738,0.912533720687866
"522",0.0841145510080815,0.552295731357728,0.36358971763419
"523",0.1663081123105,0.468079575967561,0.36561231172194
"524",0.314414718948399,0.675160597813804,0.0104246832377966
"525",0.239215020017068,0.141278155364391,0.619506824618541
"526",0.157489690604944,0.542236127019308,0.300274182375748
"527",0.713573841344937,0.178403619254449,0.108022539400614
"528",0.064809796006403,0.163610115350387,0.77158008864321
"529",0.694283012395655,0.0039428413695192,0.301774146234826
"530",0.107779452284397,0.591248754450418,0.300971793265184
"531",0.710933441274372,0.246681599361243,0.0423849593643845
"532",0.479595626933698,0.203633759248054,0.316770613818248
"533",0.383653692266965,0.392084855689584,0.224261452043451
"534",0.502892861859158,0.11431730306654,0.382789835074302
"535",0.815427900000049,0.0357921129918825,0.148779987008068
"536",0.113321310477733,0.39654394585985,0.490134743662417
"537",0.257205232643882,0.219252476713825,0.523542290642293
"538",0.744954924511903,0.0914229169098958,0.163622158578202
"539",0.20618958903732,0.388508617376353,0.405301793586327
"540",0.418531146516441,0.259754073215049,0.32171478026851
"541",0.583698476721224,0.300543864809202,0.115757658469573
"542",0.28632600563554,0.516507448244434,0.197166546120026
"543",0.0386934881099756,0.0960883304163078,0.865218181473717
"544",0.401405624298118,0.144249148199617,0.454345227502265
"545",0.439240149258319,0.111182385195333,0.449577465546348
"546",0.105734923168368,0.492426735677161,0.401838341154471
"547",0.0733050037545114,0.922811956490995,0.00388303975449311
"548",0.311553219668331,0.442693818289485,0.245752962042184
"549",0.322645758625673,0.422671569690028,0.254682671684299
"550",0.16227414830434,0.442739423552923,0.394986428142737
"551",0.319187399776939,0.312060347678404,0.368752252544656
"552",0.131422816703623,0.126255645234396,0.742321538061981
"553",0.119281427578664,0.784717687929018,0.0960008844923174
"554",0.0255057680275157,0.345409028992083,0.629085202980402
"555",0.410280799949899,0.492637868011718,0.097081332038383
"556",0.153309973391574,0.239407510816402,0.607282515792024
"557",0.226407186341501,0.651601414028034,0.121991399630466
"558",0.531505926776424,0.461659857510615,0.00683421571296128
"559",0.50033449044859,0.295942220480807,0.203723289070602
"560",0.343386393720832,0.431334200307339,0.225279405971829
"561",0.441001722412402,0.0911387759317179,0.46785950165588
"562",0.749319273159251,0.0753319734058918,0.175348753434857
"563",0.260307262317924,0.175951262333775,0.563741475348301
"564",0.0185308674006857,0.571523449566176,0.409945683033138
"565",0.754016161857073,0.0786629657284236,0.167320872414503
"566",0.293731393745332,0.242716826031932,0.463551780222736
"567",0.706664991438318,0.253416457677046,0.0399185508846361
"568",0.16270580003004,0.221784718599011,0.615509481370949
"569",0.777015472635661,0.124848242945301,0.0981362844190375
"570",0.764864566724742,0.152906034989265,0.0822293982859925
"571",0.22024342479426,0.71917659938459,0.06057997582115
"572",0.716455944332594,0.272078139666715,0.0114659160006914
"573",0.495825655400187,0.406181287598013,0.0979930570018005
"574",0.407706043162556,0.252978811403039,0.339315145434405
"575",0.259790264303177,0.150478040875866,0.589731694820957
"576",0.106783318479413,0.14167779340007,0.751538888120517
"577",0.49146643855953,0.490482965794596,0.0180505956458739
"578",0.0609124833365167,0.890943232628028,0.0481442840354552
"579",0.0731844776804831,0.628754599427048,0.298060922892469
"580",0.198329651668855,0.712481321286675,0.08918902704447
"581",0.459421444771423,0.319953871937732,0.220624683290845
"582",0.313058947948866,0.637454237227391,0.0494868148237428
"583",0.363950289738,0.257184348329087,0.378865361932913
"584",0.320213471185113,0.121915206498565,0.557871322316322
"585",0.145678054465995,0.158736346557149,0.695585598976856
"586",0.236734739976709,0.33549157776123,0.427773682262061
"587",0.453628798279863,0.471916931861286,0.0744542698588502
"588",0.151213836066783,0.324278945736713,0.524507218196504
"589",0.0695170289008549,0.357373248746139,0.573109722353007
"590",0.292822934369429,0.298068137529417,0.409108928101154
"591",0.236128364893909,0.265109325117118,0.498762309988973
"592",0.231195964237284,0.283261537307557,0.485542498455159
"593",0.0680285927062412,0.613721861090793,0.318249546202966
"594",0.0519905635025657,0.841556876953546,0.106452559543889
"595",0.452140334303157,0.500856795360246,0.0470028703365967
"596",0.0672815652452512,0.0398053752708305,0.892913059483918
"597",0.42713778918955,0.572615996892209,0.000246213918241645
"598",0.671454858971889,0.215674913652785,0.112870227375326
"599",0.131899225323332,0.463092779019668,0.405007995657
"600",0.00967293929495494,0.352169708208263,0.638157352496782
"601",0.279477749496353,0.598879404106455,0.121642846397192
"602",0.388818761538152,0.493350915200323,0.117830323261525
"603",0.137552512405197,0.15815929865865,0.704288188936153
"604",0.798447171640115,0.146635745225626,0.0549170831342582
"605",0.200965775318085,0.676436601092683,0.122597623589231
"606",0.129781248634181,0.225266812150452,0.644951939215367
"607",0.428085770692023,0.419956940499397,0.15195728880858
"608",0.0177559204140797,0.815373009500436,0.166871070085484
"609",0.00223818182220203,0.954401609115541,0.043360209062257
"610",0.660987474981086,0.305804905838978,0.0332076191799358
"611",0.595231643261507,0.23746217507979,0.167306181658703
"612",0.622042434264225,0.174942437094495,0.20301512864128
"613",0.464706226906855,0.252242098505974,0.283051674587171
"614",0.147084753374072,0.451224451664048,0.40169079496188
"615",0.158557505782774,0.780856019444098,0.0605864747731286
"616",0.373057867232691,0.179480510676638,0.447461622090671
"617",0.0787473287384163,0.721331525663721,0.199921145597863
"618",0.305351375181025,0.583419964505531,0.111228660313445
"619",0.400068201438556,0.0912136255291912,0.508718173032253
"620",0.384895366013244,0.153014938159644,0.462089695827112
"621",0.270440236729456,0.433564619026122,0.295995144244423
"622",0.343598124361573,0.159996047661827,0.4964058279766
"623",0.938173395775074,0.0505291707708399,0.0112974334540856
"624",0.314401425099429,0.147300874481981,0.53829770041859
"625",0.113810615598607,0.808073452406744,0.0781159319946484
"626",0.420823096903162,0.10151829052193,0.477658612574908
"627",0.371626570234028,0.115003398103301,0.513370031662671
"628",0.12541288672101,0.629120533071984,0.245466580207006
"629",0.517687622713073,0.303180036685667,0.179132340601261
"630",0.171060530940999,0.121501816494141,0.70743765256486
"631",0.0867862170009015,0.331086117747822,0.582127665251277
"632",0.0937945581365436,0.622134996724185,0.284070445139271
"633",0.149253993993147,0.391942824781,0.458803181225853
"634",0.366847189378927,0.251096701728965,0.382056108892107
"635",0.584958753591561,0.0108773314194466,0.404163914988992
"636",0.313257079358598,0.588266343989278,0.0984765766521241
"637",0.204880756931577,0.13083155798151,0.664287685086913
"638",0.0143169909959386,0.87080526116283,0.114877747841231
"639",0.105698493461059,0.535479403089361,0.35882210344958
"640",0.23833523859104,0.238419239108067,0.523245522300893
"641",0.107629014480968,0.816667059794442,0.0757039257245892
"642",0.171077393467119,0.815862529381358,0.0130600771515234
"643",0.417145818196648,0.233609982265627,0.349244199537725
"644",0.0387952935474685,0.0269528891890191,0.934251817263512
"645",0.297723723749717,0.0703066491708874,0.631969627079396
"646",0.259949362214348,0.691879866161835,0.048170771623817
"647",0.143789663165359,0.0845519009925935,0.771658435842047
"648",0.249752084100392,0.139199378309713,0.611048537589894
"649",0.0771813267306515,0.568647174815848,0.3541714984535
"650",0.456796295372271,0.0545018760462445,0.488701828581485
"651",0.213151285550276,0.0477655450075113,0.739083169442213
"652",0.75781390311663,0.211690995468383,0.0304951014149868
"653",0.609399091450211,0.0857180974680527,0.304882811081736
"654",0.515379193931001,0.0141726797815556,0.470448126287443
"655",0.823045816619409,0.0961530126727252,0.080801170707866
"656",0.150345055936215,0.714657315470233,0.134997628593552
"657",0.0213042162614535,0.535987941487586,0.44270784225096
"658",0.175771659075236,0.732006118448899,0.0922222224758648
"659",0.0312867074228089,0.445483417306408,0.523229875270783
"660",0.0883844118585914,0.88972055065971,0.0218950374816986
"661",0.427462162673503,0.234318218795345,0.338219618531151
"662",0.0443450518476908,0.277551855457014,0.678103092695295
"663",0.668049310892675,0.0249552814457156,0.30699540766161
"664",0.229499259710435,0.253477478218302,0.517023262071263
"665",0.578599040469874,0.201867556996092,0.219533402534033
